((("oflag" .
   [0 0 0 1 0])
  ("aflag" .
   [0 0 0 1 0])
  ("wflag" .
   [0 0 0 0 1])
  ("bflag" .
   [1 0 0 1 0])
  ("abort" .
   [1 0 0 0 0])
  ("xTitles" .
   [1 0 0 0 0 0 0])
  ("g_Jan_bin_Trans" .
   [1 0 0 0 0 0 0 0 0 0 0 0 0 0 0])
  ("ex_int" .
   [2 0 0 0 0 0])
  ("xval_int" .
   [2 0 0 0 0 0 0 0])
  ("wErr_Siv_int" .
   [2 0 0 0 0 0 0 0 0 0 0 0])
  ("wAvg_Siv_int" .
   [2 0 0 0 0 0 0 0 0 0 0 0])
  ("g_Me_bin_Trans" .
   [1 0 0 0 0 0 0 0 0 0 0 0 0 0])
  ("g_Me_bin_Pretz" .
   [1 0 0 0 0 0 0 0 0 0 0 0 0 0])
  ("g_Me_bin_Siv" .
   [0 0 0 0 1 0 0 0 0 1 0 0])
  ("g_M" .
   [1 0 0])
  ("g_xF" .
   [1 0 0 0])
  ("g_xPi" .
   [1 0 0 0 0])
  ("g_xN" .
   [1 0 0 0])
  ("DRatio_M" .
   [1 0 0 0 0 0 0 0])
  ("DRatio_xPi" .
   [1 0 0 0 0 0 0 0 0 0])
  ("DRatio_xF" .
   [1 0 0 0 0 0 0 0 0])
  ("h_M" .
   [1 0 0])
  ("h_xF" .
   [1 0 0 0])
  ("Pol_W" .
   [0 0 0 0 1])
  ("Dil_W" .
   [1 0 0 0 0])
  ("Dil_" .
   [0 0 0 1])
  ("fit_xN_1" .
   [1 0 0 0 0 0 0 0])
  ("y_fit_W" .
   [0 0 0 0 0 1 0])
  ("fit_xN_" .
   [1 0 0 0 0 0 1])
  ("Cos" .
   [3 0 0])
  ("h_depol" .
   [0 0 0 0 2 0 0])
  ("Depolarization" .
   [0 0 3 2 1 2 0 0 0 0 0 0 0 3])
  ("hWEr_Mhig" .
   [1 0 0 0 0 0 0 0 0])
  ("hWEr_Mmid" .
   [1 0 0 0 0 0 0 0 0])
  ("phys" .
   [10 0 0 0])
  ("Aey_xN" .
   [0 0 0 1 0 1])
  ("A_xN" .
   [1 0 0 1])
  ("GetAmplitudes" .
   [0 0 0 0 1 0 0 0 0 0 0 0 0])
  ("amp_error" .
   [1 0 0 0 0 0 0 0 0])
  ("amp" .
   [1 0 0])
  ("SetFitPara" .
   [0 0 0 0 0 1 0 0 0 0])
  ("par2" .
   [3 0 0 0])
  ("par1" .
   [1 0 0 0])
  ("xPi_bounds" .
   [1 0 0 0 0 0 0 0 0 0])
  ("xPi" .
   [2 0 0])
  ("h_xPi" .
   [2 0 0 0 0])
  ("h_xN" .
   [2 0 0 0])
  ("MultipleMakeRatio" .
   [0 0 0 0 1 0 0 0 0 0 0 0 0 0 0 0 0])
  ("hig" .
   [1 0 0])
  ("mid" .
   [1 0 0])
  ("low" .
   [1 0 0])
  ("hRatio3" .
   [2 0 0 0 0 0 0])
  ("hRatio2" .
   [2 0 0 0 0 0 0])
  ("hRatio1" .
   [1 0 0 0 0 0 0])
  ("target" .
   [1 0 0 0 0 0])
  ("MultipleBinData" .
   [0 0 0 1 0 0 0 0 0 0 0 0 0 0 0])
  ("ey_W" .
   [2 0 0 0])
  ("Me" .
   [2 0])
  ("num" .
   [1 0 0])
  ("func" .
   [1 0 0 0])
  ("TVectorD" .
   [3 0 0 1 1 0 0 0])
  ("MakeRatio" .
   [0 0 0 0 0 1 0 0 0])
  ("DRatio_xN" .
   [5 0 2 1 1 0 0 0 0])
  ("h_xNlow" .
   [1 0 0 0 0 0 0])
  ("Hist_binned" .
   [1 0 0 0 0 0 0 0 0 0 0])
  ("weightedHist_xNlow" .
   [0 0 0 0 0 0 0 0 0 0 0 0 1 0 0 0 0 0])
  ("D" .
   [1])
  ("xN" .
   [5 0])
  ("DRatio" .
   [3 0 0 0 0 2])
  ("DoubleRatio_binned" .
   [0 0 0 0 0 0 0 0 0 0 0 0 0 0 1 0 0 0])
  ("addName" .
   [2 0 0 0 0 0 0])
  ("h_dRatio" .
   [1 0 0 3 0 0 0 0])
  ("hW_xNlow" .
   [2 0 0 0 0 1 0 0])
  ("cBinLow" .
   [0 0 0 0 1 1 0])
  ("xN_bounds" .
   [0 0 1 0 0 0 0 0 0])
  ("hW" .
   [21 0])
  ("weightedHist" .
   [1 0 0 0 0 0 0 0 0 0 1 0])
  ("argc" .
   [3 0 0 0])
  ("fit_xN_2" .
   [2 0 0 0 0 0 0 0])
  ("fit_xN_0" .
   [1 0 0 0 0 0 0 0])
  ("Fit" .
   [1 0 0])
  ("F" .
   [2])
  ("hW_Jan_xN" .
   [0 0 0 0 0 0 0 1 2])
  ("y_W" .
   [4 0 0])
  ("x_W" .
   [3 0 0])
  ("hW_fit_Jan_xN" .
   [0 0 0 0 0 0 0 0 0 0 0 0 2])
  ("fit" .
   [8 0 0])
  ("y_int" .
   [5 0 0 0 0])
  ("x_int" .
   [2 0 0 0 0])
  ("hW_fit_Jan_int" .
   [0 0 0 0 0 1 0 1 0 0 0 0 1 4])
  ("denominator" .
   [0 0 0 2 2 0 0 0 0 0 0])
  ("DownS_DownP" .
   [0 0 0 1 0 0 0 0 0 0 0])
  ("UpS_DownP" .
   [0 0 0 0 0 1 0 0 0])
  ("DownS_UpP" .
   [0 0 0 0 0 0 0 0 1])
  ("UpS_UpP" .
   [0 0 0 0 0 0 1])
  ("hist" .
   [11 0 0 0])
  ("ModifedRatio" .
   [0 0 0 0 1 0 0 1 0 0 0 0])
  ("kRed" .
   [2 0 0 0])
  ("hJan_pT" .
   [1 0 0 0 0 1 0])
  ("hMe_pT" .
   [1 0 0 0 1 0])
  ("hUpS_DownP" .
   [0 0 0 0 0 0 2 0 0 0])
  ("hUpS_" .
   [0 0 0 0 1])
  ("hMe" .
   [5 0 0])
  ("Jan" .
   [1 0 0])
  ("hJan" .
   [4 0 0 0])
  ("ace-window" .
   [0 0 0 0 0 1 0 0 0 0])
  ("other-window" .
   [0 0 0 0 0 0 1 0 0 0 0 0])
  ("remap" .
   [1 0 0 0 0])
  ("global-set-key" .
   [0 0 0 0 0 0 0 0 0 0 0 0 0 1])
  ("packages" .
   [1 0 0 0 0 0 0 0])
  ("prin" .
   [2 0 0 0])
  ("sqrt" .
   [1 0 0 0])
  ("r_diff_std" .
   [0 0 1 3 1 0 0 0 1 2])
  ("r_diff_avg" .
   [1 0 0 1 1 0 0 1 0 1])
  ("num_avg" .
   [0 0 0 0 2 2 0])
  ("really_large_dis" .
   [0 0 0 0 1 0 0 0 0 0 0 0 0 0 0 0])
  ("flyspell-mode" .
   [1 0 0 0 0 0 0 0 0 0 0 0 0])
  ("val" .
   [1 0 0])
  ("nDets" .
   [4 0 0 0 0])
  ("det_num" .
   [1 0 0 0 1 0 0])
  ("cut" .
   [2 0 0])
  ("f_traf" .
   [2 0 0 0 0 0])
  ("fname" .
   [4 0 0 0 0])
  ("h_rDiff" .
   [0 0 0 1 0 0 0])
  ("r_diff" .
   [6 0 0 0 0 0])
  ("y_diff" .
   [0 0 0 0 2 0])
  ("x_diff" .
   [5 0 0 0 0 1])
  ("h_xDiff" .
   [0 0 0 2 0 0 0])
  ("x_position" .
   [1 0 0 0 0 0 0 0 0 0])
  ("det" .
   [11 0 0])
  ("second_det" .
   [1 0 0 0 0 0 0 0 0 0])
  ("array" .
   [0 0 0 0 1])
  ("differences" .
   [1 0 0 0 0 0 0 0 0 0 0])
  ("second" .
   [3 0 0 0 0 0])
  ("first_data" .
   [0 0 0 0 0 0 0 0 1 2])
  ("first_z" .
   [2 0 0 0 0 0 0])
  ("first_y" .
   [2 0 0 0 0 0 0])
  ("first_x" .
   [2 0 0 0 0 0 0])
  ("first_det" .
   [7 0 0 0 0 0 0 0 0])
  ("argv" .
   [11 0 0 0])
  ("first" .
   [6 0 0 0 0])
  ("h_tau30_33_p" .
   [0 0 0 0 0 0 0 0 1 0 0 0])
  ("h_tau27_30_p" .
   [0 0 0 0 0 0 0 0 1 0 0 0])
  ("h_tau24_27_p" .
   [0 0 0 0 0 0 0 0 1 0 0 0])
  ("fill-column" .
   [1 0 0 0 0 0 0 0 0 0 0])
  ("SetOptStat" .
   [1 0 0 0 0 0 1 0 0 0])
  ("nhigh_mass_p" .
   [0 0 0 1 0 0 0 0 0 0 0 1])
  ("nlow_mass_p" .
   [0 0 0 0 1 0 0 0 0 0 0])
  ("SetLogy" .
   [1 0 0 0 0 0 1])
  ("gr_2nd" .
   [2 0 0 0 0 0])
  ("gr_first" .
   [1 0 0 0 0 0 0 0])
  ("f_first" .
   [1 0 0 0 0 0 1])
  ("f_write" .
   [1 0 0 0 0 0 0])
  ("TestWA39_proton" .
   [1 0 0 0 0 0 0 0 0 0 0 0 0 0 0])
  ("it" .
   [1 0])
  ("processCodes" .
   [0 0 0 0 1 0 1 0 0 0 0 0])
  ("vector" .
   [1 0 0 0 0 0])
  ("h_JPsi_gq" .
   [2 0 0 0 0 0 0 0 0])
  ("h_JPsi_qqbar" .
   [0 0 0 0 0 0 0 0 1 1 0 0])
  ("a_m1_pdg" .
   [0 0 0 0 1 0 0 0])
  ("h_JPsi_gg" .
   [1 0 0 0 0 1 0 0 0])
  ("a_m2_pdg" .
   [0 0 0 0 3 0 0 0])
  ("m1_pdg" .
   [0 0 0 0 1 0])
  ("mother2" .
   [1 0 0 0 0 0 0])
  ("Beam2" .
   [1 0 0 0 0])
  ("Beam1" .
   [1 0 0 0 0])
  ("GetX1X2" .
   [0 0 0 0 1 1 0])
  ("GetMother" .
   [3 0 0 0 0 0 0 0 0])
  ("h_JPsi_mother2" .
   [1 0 0 0 0 0 0 0 0 0 0 0 0 0])
  ("h_JPsi_mother" .
   [0 0 0 0 0 0 0 0 0 0 0 0 1])
  ("h_JPsi_mother1" .
   [0 0 0 2 0 0 0 0 0 0 0 0 0 1])
  ("GetPdgCode" .
   [0 0 0 0 0 0 1 0 0 0])
  ("mother1" .
   [3 0 0 0 0 0 1])
  ("sigma_p" .
   [1 0 0 0 0 0 1])
  ("h_pythia_W" .
   [0 0 0 0 0 0 0 0 1 0])
  ("gr_ratio_W" .
   [0 0 0 1 0 0 0 0 0 0])
  ("Eratio21_24_W" .
   [1 0 0 0 0 0 0 0 0 0 0 0 0])
  ("c5" .
   [1 0])
  ("c4" .
   [1 0])
  ("n30_33_p" .
   [1 0 0 0 0 0 0 0])
  ("n27_30_p" .
   [1 0 0 0 0 0 0 0])
  ("n24_27_p" .
   [1 0 0 0 0 0 0 0])
  ("n21_24_p" .
   [1 0 0 0 0 0 0 0])
  ("h_rootTau_p" .
   [1 0 0 0 0 0 0 0 0 0 0])
  ("h_x2_p" .
   [1 0 0 0 0 0])
  ("h_x1_p" .
   [1 0 0 0 0 0])
  ("Q2_x2_p" .
   [1 0 0 0 0 0 0])
  ("pythia8_p" .
   [2 0 0 0 0 0 0 0 0])
  ("total_event_n" .
   [1 0 0 0 0 0 0 0 0 0 0 0 0])
  ("scale" .
   [1 0 0 0 0])
  ("diff_mass_p" .
   [1 0 0 0 0 0 0 0 0 1 0])
  ("diff_mass_high" .
   [1 0 0 0 0 0 0 0 0 1 0 1 0 0])
  ("Bfield" .
   [4 0 0 1 0 1])
  ("eCharge" .
   [2 0 0 0 0 0 0])
  ("massMu" .
   [2 0 0 0 0 0])
  ("omega" .
   [4 0 0 0 0])
  ("gFactor" .
   [2 0 0 0 0 0 0])
  ("scaler" .
   [8 0 0 0 0 0])
  ("doubleCount" .
   [0 0 0 0 0 0 0 2 0 0 0])
  ("FillUpDown_SearchAboveBelow" .
   [0 0 0 0 0 0 0 0 0 0 0 1 0 0 0 0 0 1 0 0 0 0 0 0 0 0 0])
  ("fill_flag" .
   [4 0 0 0 0 1 0 4 0])
  ("Fill" .
   [5 0 0 0])
  ("updownDecay" .
   [0 0 0 0 0 0 1 0 0 0 0])
  ("cu_layer" .
   [0 0 0 0 4 0 0 3])
  ("STDC" .
   [1 0 0 0])
  ("STDC_layer" .
   [1 0 0 0 1 0 6 0 0 0])
  ("HodoHitLayers" .
   [1 0 0 1 0 0 0 0 0 0 0 0 0])
  ("mu_ADC_1" .
   [6 0 0 0 0 0 0 3])
  ("ADC_2" .
   [4 0 0 0 0])
  ("ADC_1" .
   [7 0 0 0 0])
  ("nADC" .
   [3 0 1 1])
  ("tree_entries" .
   [0 0 0 0 0 0 2 1 0 0 0 0])
  ("ADC" .
   [2 0 0])
  ("SetBranchAddress" .
   [1 0 0 0 0 0 0 0 0 0 0 0 0 0 0 0])
  ("GetEntries" .
   [0 0 0 0 0 2 0 0 1 0])
  ("tree" .
   [6 0 0 0])
  ("fData" .
   [2 0 0 0 0])
  ("TTree" .
   [2 0 0 0 0])
  ("column-marker" .
   [0 0 0 0 0 0 0 0 0 0 0 0 1])
  ("execute-extended-command" .
   [0 0 0 0 0 0 0 0 0 1 0 0 0 0 0 0 0 0 0 0 0 0 0 0])
  ("universal-argument" .
   [0 0 0 0 0 0 0 0 0 0 0 0 0 0 0 0 0 1])
  ("s" .
   [1])
  ("column-marker-1" .
   [0 0 0 0 0 0 0 0 0 0 0 0 0 0 1])
  ("M-x" .
   [1 0 0])
  ("polarization" .
   [0 0 0 0 1 0 0 0 0 0 0 0])
  ("namePer" .
   [0 0 0 0 1 0 0])
  ("ey_Siv" .
   [1 0 0 0 0 0])
  ("Siv" .
   [3 0 0])
  ("Amp" .
   [3 0 0])
  ("Ampls" .
   [2 0 0 0 0])
  ("ByTargetTF_Spin" .
   [1 0 0 0 0 0 0 0 0 0 0 0 0 0 0])
  ("h1_clone" .
   [3 0 0 0 0 0 0 0])
  ("Clone" .
   [1 0 0 0 0])
  ("Sumw2" .
   [0 0 0 1 0])
  ("Abs" .
   [4 0 0])
  ("Minus" .
   [2 0 0 0 0])
  ("Plus" .
   [1 0 0 1])
  ("e_Minus" .
   [0 0 0 0 0 0 1])
  ("Minus2" .
   [1 0 0 0 0 0])
  ("RightPlotRatio" .
   [0 0 0 0 1 1 0 0 0 0 0 0 0 0])
  ("e_LR_P1_down" .
   [0 0 0 0 1 0 0 0 0 0 0 0])
  ("e_LR_P2_up" .
   [3 0 0 0 1 0 0 0 0 0])
  ("e_LR_P2_down" .
   [2 0 0 0 0 0 0 0 0 0 0 0])
  ("e_LR_P1_up" .
   [0 0 0 0 1 0 0 0 0 1])
  ("ratio2" .
   [1 0 0 0 0 0])
  ("denom" .
   [0 0 0 0 1])
  ("numer2" .
   [0 0 0 1 0 0])
  ("e_denom2" .
   [1 0 0 0 0 0 0 0])
  ("e_denom" .
   [0 0 0 1 0 0 0])
  ("e_numer" .
   [1 0 0 0 0 0 0])
  ("numer" .
   [2 0 0 0 0])
  ("e_LeftPlotRatio" .
   [0 0 0 1 0 0 0 0 0 0 0 0 0 0 0])
  ("LeftPlotRatio" .
   [0 0 0 1 2 0 0 0 0 0 0 0 0])
  ("Polarization" .
   [0 0 2 1 0 0 0 0 0 0 0 0])
  ("ey_ratio" .
   [2 0 0 0 0 0 0 0])
  ("gr_Robert_Trans" .
   [1 0 0 0 0 0 0 0 0 0 0 0 0 1 0])
  ("gr_Mtrans" .
   [1 0 0 0 0 0 0 0 0])
  ("gr_Robert_Prez" .
   [0 0 0 0 0 0 0 0 0 1 2 0 0 0])
  ("gr_Robert" .
   [1 0 0 0 0 0 1 0 0])
  ("f_Robert" .
   [1 0 0 0 0 0 0 0])
  ("Get" .
   [6 0 0])
  ("f_Marcia" .
   [1 0 0 0 0 0 0 0])
  ("gr_Msiv" .
   [1 0 0 0 1 0 0])
  ("push_back" .
   [1 0 0 0 0 0 0 0 0])
  ("PhysBin" .
   [6 0 0 0 0 0 0])
  ("it_count" .
   [2 0 0 0 0 0 0 0])
  ("gr_P1Diff_P2Diff" .
   [3 0 0 0 0 0 0 0 0 1 1 0 0 0 1 0])
  ("gr_Pup_Pdw" .
   [1 0 0 0 0 0 1 0 0 1])
  ("P1Diff_P2Diff" .
   [0 0 0 0 0 0 0 0 0 1 0 0 0])
  ("gr_upSt_dwSt" .
   [2 0 0 0 0 0 1 1 0 0 0 0])
  ("upSt_dwSt" .
   [1 0 0 0 0 0 0 0 0])
  ("y_LR_P2_up" .
   [9 0 0 1 0 0 0 0 0 0])
  ("y_LR_P1_down" .
   [4 0 0 0 0 0 0 0 0 0 0 0])
  ("TotalAvg_bywAvg" .
   [0 0 0 0 0 0 0 0 0 0 0 0 1 1 0])
  ("ey_TotalAvg_byTarg" .
   [1 0 0 0 0 0 0 0 0 0 0 0 0 0 2 0 0 0])
  ("TotalAvg_byTarg" .
   [0 0 0 0 0 0 0 0 0 0 0 2 0 0 1])
  ("ey_TotalAvg" .
   [0 0 0 0 0 1 1 0 0 0 0])
  ("TarAvg" .
   [1 0 0 1 1 0])
  ("TotalAvg" .
   [1 0 0 0 1 1 0 0])
  ("GetYaxis" .
   [0 0 0 0 2 0 0 0])
  ("y_LR_P2_down" .
   [2 0 0 0 0 0 0 0 0 1 0 0])
  ("upStUp_upStDw" .
   [0 0 0 1 0 0 1 0 0 0 0 0 0])
  ("y_LR_P1_up" .
   [1 0 0 0 0 0 1 0 0 1])
  ("x_LR_P1_up" .
   [0 0 0 0 0 0 0 1 0 0])
  ("gr_LR_targ" .
   [1 0 0 0 0 0 0 0 0 1])
  ("x_16_ratio" .
   [0 0 0 0 1 0 0 0 0 0])
  ("GetX" .
   [1 0 0 0])
  ("gr_ratio_16" .
   [0 0 0 0 0 0 0 0 0 2 0])
  ("f_ratio" .
   [1 0 0 0 1 0 0])
  ("gr_ratio" .
   [5 0 0 0 0 4 0 0])
  ("Open" .
   [2 0 0 0])
  ("gr_dataPeriod_wAvg" .
   [2 0 0 0 0 0 0 1 0 0 0 0 0 0 0 0 0 0])
  ("yRangeMax" .
   [0 0 0 1 1 0 0 0 1])
  ("gr_dataPeriod_ampl" .
   [0 0 0 0 0 1 0 1 0 0 0 0 0 0 0 0 0 0])
  ("f_dataPeriod" .
   [0 0 0 0 0 0 1 1 0 0 0 0])
  ("ipad" .
   [2 0 0 0])
  ("f_allData" .
   [0 0 0 0 0 1 0 0 0])
  ("gr_wAvg" .
   [0 0 0 0 0 1 0])
  ("Weighted" .
   [0 0 0 0 0 0 0 1])
  ("WeightAvg_std" .
   [2 0 0 0 0 0 0 2 0 2 0 1 2])
  ("WeightAvg" .
   [1 0 0 1 0 0 0 0 0])
  ("gStyle" .
   [3 0 0 2 0 0])
  ("Form" .
   [3 0 0 0])
  ("Period" .
   [1 0 0 0 0 0])
  ("gr_P2_down" .
   [2 0 0 0 0 1 0 0 0 0])
  ("gr_P1_up" .
   [1 0 0 0 0 0 0 0])
  ("SetName" .
   [2 0 0 0 0 0 0])
  ("gr_targDepol" .
   [1 0 0 1 0 0 0 0 0 0 0 0])
  ("c3" .
   [7 0])
  ("GetStdDev" .
   [0 0 0 0 0 0 0 1 0])
  ("TargetDepol_std" .
   [1 0 0 0 0 0 0 1 0 0 0 0 0 0 0])
  ("TargetDepol_avg" .
   [2 0 0 0 0 0 0 0 0 0 0 0 0 0 0])
  ("TargetDepol" .
   [0 0 0 1 0 0 0 0 0 0 1])
  ("P1_down" .
   [3 0 0 0 0 1 0])
  ("TH1" .
   [5 0 2])
  ("P1_up" .
   [6 0 0 0 0])
  ("P1" .
   [3 0])
  ("P2" .
   [6 0])
  ("dataFiles" .
   [2 0 0 0 0 0 0 0 0])
  ("void" .
   [0 0 2 1])
  ("for" .
   [1 0 2])
  ("defun" .
   [0 0 0 1 0])
  ("std" .
   [1 0 0])
  ("Double_t" .
   [108 0 0 0 6 12 7 18])
  ("nPeriods" .
   [19 0 3 0 3 2 0 1])
  ("xVal" .
   [21 0 1 1])
  ("TGraphErrors" .
   [2 0 0 0 3 0 6 3 0 0 0 6])
  ("SivRaw" .
   [0 0 0 1 0 0])
  ("ey_SivRaw" .
   [0 0 0 1 0 0 2 0 0])
  ("TCanvas" .
   [13 0 1 4 8 3 6])
  ("TLine" .
   [2 0 1 0 0])
  ("xMin" .
   [2 0 0 0])
  ("xMax" .
   [1 0 0 0])
  ("Draw" .
   [42 0 0 1])
  ("cout" .
   [158 0 0 0])
  ("P1_up_Ratio" .
   [0 0 0 0 0 1 1 0 0 0 2])
  ("endl" .
   [154 0 0 0])
  ("oneFile" .
   [0 0 0 0 0 1 1])
  ("i_pad" .
   [1 0 0 0 0])
  ("fitter" .
   [2 0 0 0 0 0])
  ("Status" .
   [0 0 0 0 1 0])
  ("TVirtualFitter" .
   [0 0 0 0 1 0 0 0 0 0 0 0 0 0])
  ("gMinuit" .
   [0 0 1 0 0 1 0])
  ("fCstatu" .
   [1 0 2 0 0 0 0])
  ("Data" .
   [11 0 1 0])
  ("Int_t" .
   [43 0 1 3 1])
  ("fitProblem" .
   [1 0 0 0 1 0 1 1 0 0])
  ("count" .
   [25 0 0 0 3])
  ("TH1D" .
   [53 0 1 3])
  ("h1" .
   [8 0])
  ("TF1" .
   [5 0 0])
  ("hToFit" .
   [0 0 0 0 0 1])
  ("Par0" .
   [1 0 0 0])
  ("ey0" .
   [1 0 0])
  ("chiFit" .
   [2 0 0 0 1 0])
  ("C" .
   [1])
  ("Fit_GetPars" .
   [0 0 0 0 0 0 0 1 0 0 0])
  ("myFit" .
   [0 0 0 1 0])
  ("ey_P1_up" .
   [0 0 0 0 0 1 0 0])
  ("Chi_P1_up" .
   [0 0 0 0 0 0 0 0 1])
  ("h_chi" .
   [1 0 0 0 0])
  ("P2_up" .
   [2 0 0 0 0])
  ("P2_down" .
   [1 0 0 0 0 1 0])
  ("P_toFit" .
   [1 0 3 0 5 0 0])
  ("P1_up_low" .
   [1 0 0 0 0 0 0 0 0])
  ("Chi_P1_up_low" .
   [1 0 0 0 0 0 0 0 0 0 0 0 0])
  ("ey_P1_up_low" .
   [0 0 0 0 0 0 0 0 0 0 0 1])
  ("c1" .
   [22 0])
  ("cd" .
   [28 0])
  ("P1_up_bin" .
   [2 0 0 0 0 0 0 0 0])
  ("ey_P1_up_bin" .
   [2 0 0 0 0 0 0 0 0 0 0 1])
  ("bin" .
   [11 0 0])
  ("phyBin" .
   [1 0 0 0 0 0])
  ("TString" .
   [15 0 0 0 0 0 0])
  ("c2" .
   [10 0])
  ("gr_P2_up_bin" .
   [0 0 0 0 0 1 0 0 0 0 0 0])
  ("GetXaxis" .
   [2 0 0 3 8 2 2 3])
  ("SetTitle" .
   [7 0 0 1 1 2 0 3])
  ("xVal_e1" .
   [6 0 0 0 0 1 1])
  ("xVal_e0" .
   [7 0 0 0 1 0 0])
  ("epsilon" .
   [0 0 7 1 2 0 1])
  ("xVal_e2" .
   [7 0 0 0 0 0 0])
  ("xVal_e3" .
   [5 0 0 0 0 0 0])
  ("xTargBins" .
   [0 0 0 0 1 1 0 0 0])
  ("Divide" .
   [15 0 0 0 0 6])
  ("gr_tar" .
   [1 0 0 1 0 1])
  ("physType" .
   [5 0 0 0 1 1 1 3])
  ("nBins" .
   [18 0 0 1 0])
  ("g0" .
   [3 0])
  ("g1" .
   [3 0])
  ("Eval" .
   [5 0 0 0])
  ("const" .
   [0 0 0 0 1])
  ("diff_A_N" .
   [0 0 0 0 1 2 1 0])
  ("diff_16bin" .
   [1 0 0 0 0 0 0 0 1 0])
  ("g2_16" .
   [1 0 0 0 0])
  ("g2_8" .
   [1 0 0 0])
  ("TGraph" .
   [1 0 0 0 0 0])
  ("g_diff_A_N" .
   [0 0 1 0 0 0 1 0 0 1])
  ("SetMarkerSize" .
   [0 0 0 0 0 0 0 0 0 0 1 0 0])
  ("SetMarkerStyle" .
   [1 0 0 0 2 1 1 0 0 0 1 2 0 0])
  ("g_diff_16bin" .
   [2 0 0 1 0 0 0 1 1 1 0 0])
  ("SetMarkerColor" .
   [5 0 0 1 1 0 6 0 0 0 0 0 0 0])
  ("bin_index" .
   [3 0 0 0 0 0 1 0 0])
  ("pNames" .
   [1 0 0 0 0 0])
  ("SetLabelSize" .
   [0 0 0 4 1 4 1 0 1 0 0 0])
  ("SetTitleOffset" .
   [0 0 0 0 0 0 0 0 0 0 1 0 0 0])
  ("h_diff_A_N" .
   [1 0 0 0 0 0 2 0 0 0])
  ("h_diff_16bin" .
   [3 0 0 0 0 0 0 0 0 0 0 0])
  ("SetLineColor" .
   [1 0 0 0 0 0 1 1 1 0 0 0])
  ("SetTitleSize" .
   [2 0 0 0 0 0 0 1 1 0 0 0])
  ("Trans_16" .
   [0 0 0 0 0 1 0 0])
  ("TFile" .
   [17 0 0 0 2])
  ("Write" .
   [8 0 1 2 0])
  ("gr_phyBinned" .
   [0 0 0 0 0 1 0 0 0 0 0 0])
  ("pT_An" .
   [0 0 0 0 1])
  ("pT_bin" .
   [2 0 0 0 0 0])
  ("SetRangeUser" .
   [0 0 0 0 1 3 2 0 0 0 0 0])
  ("yRangeMin" .
   [0 0 0 0 0 0 0 0 3])
  ("TMath" .
   [42 0 0 0 0])
  ("m_phi" .
   [1 0 1 0 0])
  ("n_phiS" .
   [0 0 0 0 1 0])
  ("P2_Phi_CS" .
   [1 0 0 0 0 0 0 0 0])
  ("P1_Phi_CS" .
   [1 0 0 0 0 0 0 0 0])
  ("it_phi" .
   [2 0 0 0 0 0])
  ("h1Up" .
   [11 0 0 0])
  ("h2Up" .
   [7 0 0 0])
  ("GetBinContent" .
   [0 0 0 2 1 0 2 0 0 0 0 0 0])
  ("ratio" .
   [46 0 0 0 6])
  ("h1Down" .
   [6 0 0 0 0 0])
  ("h2Down" .
   [6 0 0 0 0 0])
  ("bin_low" .
   [1 0 0 0 0 0 0])
  ("P2_Up" .
   [2 0 0 0 2])
  ("P1_Down" .
   [1 0 0 0 0 0 4])
  ("P2_Down" .
   [1 0 0 0 2 0 2])
  ("P2_Down_x_targ_low" .
   [1 0 0 0 0 0 0 0 0 1 0 0 0 0 0 0 0 0])
  ("AvgError" .
   [1 0 0 0 0 0 0 0])
  ("P1_Up_x_targ_low" .
   [0 0 0 0 0 0 0 0 0 0 0 0 0 0 1 0])
  ("P2_Up_x_targ_low" .
   [0 0 0 0 0 0 0 1 0 0 0 0 0 0 0 0])
  ("P1_Down_x_targ_low" .
   [0 0 0 0 0 0 0 0 0 1 0 0 0 0 0 0 0 0])
  ("AvgErrorBinned" .
   [1 0 0 0 0 0 0 0 0 0 0 0 0 0])
  ("count_avgErrorBinned" .
   [1 0 0 0 0 0 0 0 0 0 0 0 0 0 0 0 0 0 0 0])
  ("xVal_1" .
   [2 0 0 0 0 0])
  ("gROOT" .
   [1 0 0 0 0])
  ("ProcessLine" .
   [0 0 0 0 0 0 0 1 0 0 0])
  ("Distribution" .
   [0 0 0 0 1 0 0 0 0 0 0 0])
  ("TargDepol" .
   [0 0 0 0 0 1 0 0 0])
  ("PhiS" .
   [3 0 0 0])
  ("Spin" .
   [16 0 0 0])
  ("Ratio" .
   [3 0 1 0 0])
  ("Phi" .
   [2 0 0])
  ("ampl" .
   [11 0 0 0])
  ("Const" .
   [3 0 0 0 0])
  ("sin" .
   [21 0 0])
  ("Sqrt" .
   [12 0 0 0])
  ("RatioCal" .
   [1 0 0 0 0 0 1 0])
  ("h1Targ" .
   [5 0 1 1 0 2])
  ("nTarg" .
   [4 0 0 0 0])
  ("P1_Up" .
   [2 0 0 0 0])
  ("AmplitudeCal" .
   [1 0 0 0 0 0 0 0 0 0 0 0])
  ("phi" .
   [5 0 0])
  ("Amplitudes" .
   [0 0 0 0 0 2 0 1 0 0])
  ("gr_ampl" .
   [2 0 0 0 0 0 0])
  ("dilution" .
   [3 0 0 1 5 1 0 0])
  ("Double" .
   [2 0 0 0 0 0])
  ("ErrorCalRatio" .
   [0 0 0 0 0 0 0 0 0 1 1 0 0])
  ("end" .
   [2 0 0])
  ("GetBinCenter" .
   [0 0 0 0 0 0 0 0 1 1 0 0])
  ("upperEdge" .
   [0 0 0 0 0 1 0 0 0])
  ("lowerEdge" .
   [0 0 0 1 0 0 0 0 0])
  ("ErrorCalSin" .
   [2 0 0 0 0 0 0 0 0 0 0])
  ("GetBinUpEdge" .
   [0 0 0 0 0 0 0 0 2 0 0 0])
  ("errorRatio" .
   [4 0 0 0 0 0 1 2 0 0])
  ("Double_" .
   [1 0 0 0 0 0 0])
  ("ratio_pl" .
   [0 0 0 0 0 0 0 3])
  ("ratio_mi" .
   [4 0 0 0 0 0 0 1])
  ("errorSin" .
   [3 0 0 0 0 0 2 2])
  ("error" .
   [0 0 0 0 1])
  ("Sin" .
   [4 0 0])
  ("ErrorCal" .
   [1 0 0 0 0 0 0 0])
  ("GetBinLowEdge" .
   [0 0 0 0 0 0 0 0 0 1 0 0 0])
  ("ErrorCalAmpl" .
   [0 0 0 0 0 0 0 0 0 1 0 0])
  ("errorAmpl" .
   [1 0 0 0 0 0 1 0 0])
  ("GetErrorAmpl" .
   [1 0 0 0 0 0 1 0 0 0 0 0])
  ("AmplError" .
   [0 0 0 0 0 3 0 0 0])
  ("plus" .
   [3 0 0 0])
  ("minus" .
   [3 0 0 0 0])
  ("S_t" .
   [13 0 0])
  ("An_Cal" .
   [1 0 0 0 0 0])
  ("An" .
   [1 0])
  ("it_phia_n" .
   [0 0 0 0 0 0 2 2 0])
  ("Pi" .
   [3 0])
  ("a" .
   [1])
  ("in" .
   [9 0])
  ("Left_P1_up" .
   [1 0 0 0 2 0 0 0 0 2])
  ("Right_P1_up" .
   [0 0 2 0 0 0 0 0 0 0 2])
  ("left" .
   [9 0 0 0])
  ("right" .
   [9 0 0 0 0])
  ("Power" .
   [4 0 0 0 0])
  ("A_n" .
   [6 0 0])
  ("pull" .
   [1 0 0 0])
  ("x_Ratio" .
   [1 0 0 0 0 0 0])
  ("y_Ratio" .
   [1 0 0 0 0 1 0])
  ("gr_Ratio" .
   [2 0 0 0 0 0 0 1])
  ("gr_LR" .
   [1 0 0 0 0])
  ("Left_P1_up_pBin" .
   [1 0 0 0 0 0 0 0 0 0 0 0 0 1 0])
  ("Right_P1_up_pBin" .
   [0 0 0 0 0 0 0 0 0 0 0 0 0 1 1 0])
  ("index" .
   [7 0 0 0 0])
  ("ey_A_n" .
   [0 0 0 1 0 0])
  ("nPhysBins" .
   [1 0 0 0 3 1 0 0 0])
  ("pBins" .
   [1 0 0 0 0])
  ("xVal_2" .
   [2 0 0 0 0 0])
  ("xVal_3" .
   [2 0 0 0 0 0])
  ("xVal_4" .
   [2 0 0 0 0 0])
  ("nFiles" .
   [2 0 0 0 0 0])
  ("xVal_e4" .
   [2 0 0 0 0 0 0])
  ("ex_phys" .
   [1 0 0 0 0 0 0])
  ("ey_P1_down_bin" .
   [0 0 0 0 0 0 0 0 0 0 0 0 1 0])
  ("ey_P2_up_bin" .
   [0 0 0 0 0 0 0 0 0 0 0 1])
  ("ey_P2_up" .
   [0 0 0 0 0 0 0 1])
  ("ey_P2_down_bin" .
   [0 0 0 0 0 0 0 0 0 0 0 0 1 0])
  ("TargAvg_phys" .
   [0 0 0 0 0 0 0 0 1 0 0 0])
  ("ey_TargAvg" .
   [0 0 0 0 0 0 0 1 0 0])
  ("ey_TargAvg_phys" .
   [1 0 0 0 0 0 0 0 0 0 0 0 0 0 0])
  ("gr_TargAvg_phys" .
   [1 0 0 0 0 0 0 0 0 0 0 0 0 0 0])
  ("gr_ratio_xT" .
   [1 0 0 0 0 0 0 0 1 0 0])
  ("gr_ratio_xF" .
   [2 0 0 0 0 0 0 0 0 0 0])
  ("gr_ratio_pT" .
   [2 0 0 0 0 0 0 0 0 0 0])
  ("gr_LR_xT_P1_down" .
   [1 0 0 0 0 0 0 0 0 0 0 0 0 0 0 0])
  ("f_simple" .
   [1 0 0 0 0 0 0 0])
  ("gr_simple" .
   [1 0 0 0 0 0 0 0 0])
  ("ratio_Period" .
   [3 0 0 0 0 0 0 0 0 0 0 0])
  ("subPeriod_Pol" .
   [0 0 0 1 0 0 0 0 0 0 0 0 0])
  ("counts" .
   [0 0 0 0 0 1])
  ("ymin" .
   [1 0 0 0])
  ("ymax" .
   [1 0 0 0])
  ("P1_spin1" .
   [1 0 0 0 0 0 0 0])
  ("L" .
   [1])
  ("Left_P1_down" .
   [1 0 0 0 0 0 0 0 0 0 1 0])
  ("Right_P1_down" .
   [0 0 0 0 0 0 0 0 0 0 0 0 1])
  ("mass" .
   [3 0 0 0])
  ("P1_mass" .
   [1 0 0 0 0 0 0])
  ("P2_mass" .
   [2 0 0 0 0 0 0])
  ("exit" .
   [8 0 0 0])
  ("P2_Up_mass_mid" .
   [1 0 0 0 0 0 0 0 0 0 0 0 0 0])
  ("it_mass" .
   [1 0 0 0 0 0 0])
  ("massBins" .
   [2 0 0 0 0 0 0 0])
  ("setq" .
   [3 0 0 0])
  ("JUSTIFY" .
   [0 0 0 0 1 0 0])
  ("ls" .
   [1 0])
  ("gr_TF" .
   [5 0 0 1 0])
  ("gr_LF" .
   [2 0 0 0 1])
  ("GetPoint" .
   [2 0 0 0 1 1 0 0])
  ("yVal" .
   [9 0 0 1])
  ("yVal1" .
   [3 0 0 0 0])
  ("ey_LF" .
   [2 0 0 0 0])
  ("ey_TF" .
   [1 0 0 0 0])
  ("P2_TF_Phi_A_N" .
   [0 0 0 0 0 0 0 0 1 0 0 0 0])
  ("P1_LabF_" .
   [0 0 0 0 0 0 0 1])
  ("P2_LabF_Phi_A_N" .
   [0 0 0 0 0 0 0 0 0 0 0 0 1 0 0])
  ("P1_TF_Phi_A_N" .
   [0 0 0 0 0 0 0 0 0 1 0 0 0])
  ("size" .
   [2 0 0 0])
  ("inFiles" .
   [1 0 0 0 1 0 0])
  ("files" .
   [1 0 0 0 0])
  ("inFiles1" .
   [3 0 0 0 0 0 0 0])
  ("close" .
   [1 0 0 0 0])
  ("x_target" .
   [2 0 0 0 0 0 0 0])
  ("Phi_CS" .
   [1 0 0 0 0 0])
  ("Theta_CS" .
   [1 0 0 4 0 0 0 0])
  ("PhiS_simple" .
   [1 0 0 0 0 0 0 0 0 0 0])
  ("Phi_A_N" .
   [1 0 0 0 0 0 0])
  ("x_beam" .
   [2 0 0 0 0 0])
  ("delA" .
   [2 0 0 0])
  ("delB" .
   [2 0 0 0])
  ("errorAdd" .
   [1 0 0 0 0 0 0 0])
  ("e_upSteam_" .
   [0 0 0 0 0 0 0 0 0 1])
  ("e_upSteam_up" .
   [0 0 0 0 1 0 0 0 0 0 0 1])
  ("upStream_" .
   [0 0 0 0 0 0 0 0 1])
  ("e_upSt" .
   [0 0 0 0 0 1])
  ("upStream_up" .
   [0 0 0 0 0 0 0 0 1 0 0])
  ("gr_upStream_up" .
   [1 0 0 0 0 1 0 0 0 0 1 0 0 0])
  ("gr_downStream_down" .
   [1 0 0 0 0 0 0 0 0 0 0 0 0 0 0 0 0 0])
  ("gr_upStream_down" .
   [1 0 0 0 0 0 0 0 0 0 0 0 0 0 0 0])
  ("gr_downStream_up" .
   [1 0 0 0 0 0 0 0 0 0 0 0 0 0 0 0])
  ("y_TF_P2_up" .
   [1 0 0 0 0 0 0 0 0 0])
  ("y_LabF_P2_up" .
   [1 0 0 0 0 0 0 0 0 0 0 0])
  ("y_TF_P1_down" .
   [1 0 0 0 0 0 0 0 0 0 0 0])
  ("y_LabF_P1_down" .
   [1 0 0 0 0 0 0 0 0 0 0 0 0 0])
  ("e_TF_P1_down" .
   [2 0 0 0 0 0 0 0 0 0 0 0])
  ("e_TF_P2_up" .
   [1 0 0 0 0 0 0 0 0 0])
  ("e_LabF_P1_down" .
   [1 0 0 0 0 0 0 0 0 0 0 0 0 0])
  ("e_LabF_P2_up" .
   [1 0 0 0 0 0 0 0 0 0 0 0])
  ("e_downStream_" .
   [0 0 0 0 0 0 0 0 0 0 0 0 1])
  ("e_downStream_down" .
   [1 0 0 0 0 0 0 0 0 0 0 0 0 0 0 0 0])
  ("2e3" .
   [1 0 0])
  ("h_ADC_1" .
   [1 0 0 0 0 0 0])
  ("nStack" .
   [2 0 0 1 0 0])
  ("h_hits" .
   [3 0 0 0 0 0])
  ("hodoName" .
   [1 0 0 0 0 0 0 0])
  ("h_layer" .
   [2 0 0 0 0 0 0])
  ("layer" .
   [2 0 0 0 0])
  ("sTi" .
   [2 0 0])
  ("hodo_hit" .
   [2 0 0 0 0 0 0 1])
  ("min_ADC_" .
   [0 0 0 0 0 0 0 1])
  ("min_ADC_2" .
   [1 0 0 0 0 0 0 0 0])
  ("myfit" .
   [4 0 0 0 1])
  ("upMinusDown" .
   [0 0 0 0 0 1 0 0 0 0 0])
  ("GetParameter" .
   [0 0 0 0 0 0 3 0 0 0 0 0])
  ("gError" .
   [4 0 1 0 0 1])
  ("omegaError" .
   [1 0 0 0 0 0 3 0 0 0])
  ("BfieldError" .
   [1 0 0 0 0 0 0 2 0 0 0])
  ("errorFromB" .
   [0 0 0 0 0 0 1 0 0 2])
  ("errorFromOmega" .
   [1 0 0 0 0 0 0 0 0 0 2 0 0 0])
  ("h_ADC_Ediff" .
   [1 0 0 0 0 0 0 1 3 1 0])
  ("FillADC_EDiff" .
   [1 0 0 0 0 0 0 0 0 0 0 0 0])
  ("Short_t" .
   [2 0 0 0 0 0 0])
  ("cADCdiff" .
   [1 0 0 0 1 0 0 0])
  ("cupdown" .
   [1 0 0 0 0 0 0])
  ("Bool_t" .
   [7 0 0 0 0 0])
  ("mu_ADC_2" .
   [2 0 0 0 0 0 0 0])
  ("hi" .
   [2 0])
  ("Pythia8" .
   [1 0 0 0 0 0 0])
  ("main" .
   [3 0 0 1])
  ("Pythia" .
   [1 0 0 0 0 0])
  ("pythia" .
   [5 0 0 0 0 0])
  ("readString" .
   [1 0 0 0 0 0 0 0 0 0])
  ("h_pythia" .
   [1 0 1 0 3 1 0 0])
  ("f_pythia" .
   [0 0 0 0 2 0 0 0])
  ("tauInterval" .
   [0 0 0 0 1 1 0 0 0 0 0])
  ("i" .
   [1])
  ("nInter" .
   [2 0 1 0 0 0])
  ("h_data" .
   [1 0 0 0 0 0])
  ("c1_" .
   [1 0 0])
  ("w" .
   [1])
  ("yMin" .
   [2 0 0 0])
  ("yMax" .
   [2 0 0 0])
  ("iPad" .
   [2 0 0 0])
  ("gr_data" .
   [4 0 1 0 1 4 0])
  ("nData" .
   [4 0 0 0 0])
  ("x_val" .
   [3 0 0 0 0])
  ("nTest" .
   [3 0 0 0 0])
  ("ex_val" .
   [1 0 0 0 1 1])
  ("Eratio" .
   [4 0 0 1 1 0])
  ("xData" .
   [5 0 0 1 0])
  ("yData" .
   [7 0 0 2 0])
  ("yPythia" .
   [4 0 1 5 0 0 0])
  ("EyPythia" .
   [0 0 1 2 2 0 0 0])
  ("exVal" .
   [2 0 0 1 1])
  ("EyData" .
   [2 0 0 1 1 0])
  ("GetErrorY" .
   [1 0 0 0 1 1 0 0 0])
  ("Eratio_cal" .
   [1 0 0 0 0 0 0 0 0 0])
  ("diff_mass_low" .
   [1 0 0 0 0 0 0 0 0 0 0 0 1])
  ("gPad" .
   [3 0 0 0])
  ("nXf1" .
   [3 0 1 1])
  ("test" .
   [1 0 0 0])
  ("x_val1" .
   [1 0 0 0 0 2])
  ("GetBinError" .
   [0 0 0 0 0 0 0 0 0 0 1])
  ("ratio21_24" .
   [0 0 1 0 0 0 0 0 0 0])
  ("Eratio21_24" .
   [0 0 0 0 0 0 0 2 1 0 0])
  ("ex_val1" .
   [2 0 0 0 0 0 0])
  ("nXf2" .
   [1 0 0 0])
  ("lib" .
   [0 0 1])
  ("li2" .
   [1 0 0])
  ("diff_mass_W" .
   [1 0 0 0 0 0 0 0 0 0 0])
  ("xf_val" .
   [0 0 0 0 0 1])
  ("h_tau21_24" .
   [0 0 0 0 0 0 0 0 0 3])
  ("h_tau21_24_W" .
   [2 0 0 0 0 0 0 0 0 0 0 0])
  ("Add" .
   [1 0 0])
  ("h_tau21_24_n" .
   [2 0 0 0 0 0 0 0 0 0 0 0])
  ("Xproton" .
   [0 0 0 2 0 0 0])
  ("Nnucleon" .
   [0 0 0 2 0 0 0 0])
  ("Zneutron" .
   [0 0 1 0 1 0 0 0])
  ("h_tau" .
   [0 0 0 0 1])
  ("xF" .
   [5 0])
  ("fffffff" .
   [1 0 0 0 0 0 0])
  ("f_data" .
   [1 0 0 0 0 0])
  ("line" .
   [4 0 0 0])
  ("data" .
   [7 0 0 0])
  ("append" .
   [3 0 0 0 0 0])
  ("ROOT" .
   [1 0 0 0])
  ("eyVal" .
   [0 0 1 0 0])
  ("h_gg" .
   [0 0 0 1])
  ("h_qqbar" .
   [0 0 0 0 0 0 1])
  ("large_diff" .
   [1 0 0 0 0 0 0 0 0 0])
  ("next-line" .
   [0 0 0 0 0 0 0 0 1])
  ("l" .
   [1])
  ("global-undo-tree-mode" .
   [0 0 0 0 0 0 0 0 0 0 0 1 0 0 0 0 0 0 0 0 0])
  ("include" .
   [0 0 0 0 0 1 0])
  ("enum" .
   [0 0 0 1])
  ("namespace" .
   [0 0 0 0 2 1 0 0 0])
  ("fact" .
   [1 0 0 0])
  ("hMe_ratio" .
   [2 0 0 0 0 1 0 0 0])
  ("hJan_ratio" .
   [4 0 0 0 0 0 0 0 0 0])
  ("hW_Me" .
   [1 0 0 0 0])
  ("SetBinError" .
   [0 0 0 0 1 0 0 0 0 0 0])
  ("outFile" .
   [6 0 0 0 0 0 0])
  ("h_weight" .
   [2 0 0 1 0 1 1 0])
  ("h_normal" .
   [4 0 0 0 1 0 0 0])
  ("ModifiedError" .
   [0 0 0 0 1 0 0 0 0 0 0 0 0])
  ("hEr_weight" .
   [2 0 0 3 0 0 0 0 0 0])
  ("hW_UpS_UpP" .
   [0 0 2 0 0 0 0 0 0 0])
  ("hW_DownS_DownP" .
   [0 0 2 0 0 0 0 0 0 0 0 0 0 0])
  ("Angle" .
   [6 0 0 0 0])
  ("weight" .
   [10 0 0 0 0 0])
  ("cNorm" .
   [2 0 0 0 0])
  ("cWei" .
   [2 0 0 0])
  ("cWeiEr" .
   [2 0 0 0 0 0])
  ("hW_Phi" .
   [1 0 0 0 0 0])
  ("hW_Phi_low_xN" .
   [0 0 0 0 0 0 0 0 1 0 1 0 0])
  ("cBinN" .
   [1 0 0 0 0])
  ("G" .
   [2])
  ("deltaC2" .
   [0 0 0 0 0 0 1])
  ("firstTerm" .
   [0 0 0 0 1 1 0 0 0])
  ("delete" .
   [0 0 0 0 0 1])
  ("deltaA2" .
   [1 0 0 0 0 0 0])
  ("deltaB2" .
   [1 0 0 0 0 0 0])
  ("secondTerm" .
   [1 0 0 1 0 0 1 0 0 1])
  ("thirdTerm" .
   [0 0 0 0 1 1 0 0 0])
  ("den_5thTerm" .
   [0 0 0 0 0 0 0 1 0 0 1])
  ("den_4thTerm" .
   [0 0 0 0 0 3 0 0 0 0 0])
  ("AvgBin" .
   [0 0 0 0 1 0])
  ("AvgDepol_xN" .
   [0 0 1 5 1 3 0 0 0 0 0])
  ("count_AvgDepol_xN" .
   [0 0 0 0 0 0 1 1 0 0 0 0 0 0 0 0 0])
  ("Dep" .
   [1 0 0])
  ("Cos2" .
   [4 0 0 0])
  ("Asymetry" .
   [0 0 0 0 1 0 0 0])
  ("cAsym" .
   [0 0 0 2 0])
  ("A_xPi" .
   [0 0 0 0 1])
  ("Aey_xPi" .
   [0 0 0 0 0 0 1])
  ("name_int" .
   [5 0 0 0 0 0 0 0])
  ("g_Jan_bin_Siv" .
   [1 0 0 0 0 1 0 0 0 0 0 0 0])
  ("g_Jan_bin_Pretz" .
   [0 0 0 0 0 0 0 0 0 0 0 0 1 0 0])
  ("per" .
   [1 0 0])
  ("basename" .
   [1 0 0 0 0 0 0 0])
  ("stack" .
   [2 0 0 0 0])
  ("TestStack" .
   [1 0 0 1 2 0 0 0 0])
  ("push" .
   [2 0 0 0])
  ("StackPtr" .
   [0 0 0 1 1 1 0 0])
  ("top" .
   [1 0 0])
  ("pop" .
   [1 0 0])))
